1 0.24305555555555555
2 1.0
3 0.06184798807749628
4 0.12335653739594625
5 0.21869488536155202
6 0.3625
7 0.4248733810651559
8 0.4774193548387096
9 0.21113005381671232
10 0.6810641628753084
11 0.5505848481557182
12 0.5452380952380953
13 0.7222222222222223
14 0.14602460401572193
15 0.1555916472450459
16 0.10723012959416955
17 0.18802650379662766
18 0.07471920393691164
19 0.7415362415362414
20 0.567750677506775
21 0.14953136457382568
22 0.4060632375287548
23 0.875
24 0.381578947368421
25 0.4161822225826519
26 0.1672723268878551
27 0.4762288487490917
28 0.8541666666666666
29 0.39502756476440687
30 1.0
31 0.6
32 0.5138888888888888
33 0.07142857142857142
36 0.24059273011428314
37 0.43206523073146785
38 0.5033045398817785
39 0.33737976479911963
40 0.3095499164578112
42 0.15045089048545712
43 0.32136310144172564
44 1.0
45 0.3476063393960688
48 0.625
49 0.07067499272410584
57 1.0
58 0.5129481491854974
59 0.2940694174877119
60 0.30728493305855337
61 0.666634587535732
62 0.07521212381910791
63 0.8794871794871795
64 1.0
