1 0.29270315091210614
2 0.29
3 0.04967638132153435
4 0
5 0
6 0.3277777777777778
7 0.0125
8 0.75
9 0.17370378652355398
10 0.6810641628753084
11 0.6469462629569012
12 0.5452380952380953
13 0.718349358974359
14 0.17896703623892524
15 0.18737060041407866
16 0.09644740700223135
17 0.2418199855699856
18 0.07387601505248564
19 0.7415362415362414
20 0.5683760683760684
21 0.15508692012938124
22 0.0725
23 0.875
24 0.381578947368421
25 0.42003730969479475
26 0.1559669864210628
27 0.43837965339084745
28 0.4204545454545454
29 0.3942597777466199
30 0
31 0.02419816723940435
32 0.013888888888888888
33 0
36 0.17782255864702673
37 0.032765737874097006
38 0
39 0.3996633541670307
40 0.1383470330838752
42 0.16607427868676816
43 0.2904391274343689
44 1.0
45 0.40893864792293727
48 0
49 0
57 0.06666666666666667
58 0.09737135343109118
59 0.11256297191180913
60 0.08586309523809524
61 0.6184752934752934
62 0.027893738140417457
63 0.8842490842490843
64 0.125
