1 0.15056010928961747
2 1.0
3 0.026500526500526502
4 0.43961648306813556
5 0.24951964486848208
6 0.32857142857142857
7 0.7211292230390779
8 0.4640522875816993
9 0.2434363289966738
10 0.5084587039600895
11 0.43071391906233525
12 0.3952380952380952
13 0.5492976728956022
14 0.17259846971861167
15 0.20501867413632122
16 0.17501090179661608
17 0.39437001156095064
18 0.12189209164818923
19 0.7019648284845853
20 0.9166666666666666
21 0.23910256410256406
22 0.7368224553224554
23 0.8214285714285714
24 0.12126068376068376
25 0.3935482153200316
26 0.29874207917686185
27 0.3505079639849637
28 0.8875
29 0.655262972781279
30 0.5476190476190477
31 0.2916666666666667
32 0.6428571428571428
33 0.07142857142857142
36 0.4375684996495704
37 0.42680458751887324
38 0.40081666165667773
39 0.3290884007234954
40 0.4656192901608861
42 0.1317898833067302
43 0.31731972930473223
44 0.567037037037037
45 0.48946824702985114
48 0.2897650439486139
49 0.2367971636872066
57 1.0
58 0.46432328259984185
59 0.3720929193630345
60 0.2307725156829248
61 0.6016933417233132
62 0.051936748868640074
63 0.6533760683760683
64 1.0
