1 0.21298701298701297
2 0.8666666666666667
3 0.051180797522260936
4 0.25
5 0.2855250257997936
6 0.4452380952380952
7 0.7135379647674729
8 0.625
9 0.2575554509045243
10 0.5662162616111556
11 0.47132788708875667
12 0.3952380952380952
13 0.6265246449456975
14 0.3099155670584242
15 0.12199888461498368
16 0.16042558515962768
17 0.36288488004641817
18 0.1425364371684856
19 0.7019648284845853
20 0.9166666666666666
21 0.22987176871888648
22 0.5056475642508995
23 0.7661290322580645
24 0.12126068376068376
25 0.4507920173397901
26 0.3306818723485391
27 0.419506203026024
28 0.8928571428571428
29 0.5620035666088298
30 0.16666666666666666
31 0.22549019607843135
32 0.39285714285714285
33 0.02040816326530612
36 0.4372465052259247
37 0.3695411899699639
38 0.2137159939859512
39 0.32126784726955226
40 0.31217097717097714
42 0.15252865177594435
43 0.31993404756139543
44 0.4339792276287669
45 0.38707291122669935
48 0.17692307692307693
49 0.25186112180721343
57 1.0
58 0.40395548433105954
59 0.4404641134223712
60 0.21766546626049638
61 0.6252233620721016
62 0.03831395348837209
63 0.6730883522162593
64 1.0
