1 0.2711229946524064
2 0.1923076923076923
3 0.015625
4 0.21421714664018535
5 0.2460356672313194
6 0.09589710884353742
7 0.61082433314677
8 0.18258258258258256
9 0.19742726140950265
10 0.572707280836902
11 0.5274245911403977
12 0.3871428571428571
13 0.6215001556178026
14 0.1562472655197621
15 0.3273809523809524
16 0.18814033988785206
17 0.4908654031648684
18 0.3290161678706571
19 0.5266076127420665
20 0.8333333333333333
21 0.11690379403794039
22 0.4669032114807376
23 0.5916666666666667
24 0.12424924924924924
25 0.5091343958672916
26 0.2000902083186996
27 0.25639348752630675
28 1.0
29 0.44876246438746437
30 0.34090909090909094
31 0.22549019607843135
32 0.5256410256410257
33 0.03571428571428571
36 0.5450543860500434
37 0.4653966896591249
38 0.34941607451688095
39 0.4090350912292494
40 0.28977848430678615
42 0.2085341017107307
43 0.3145434290171132
44 0.48646390374331555
45 0.4048754817714082
48 0.18851677732905248
49 0.13031632110579477
57 1.0
58 0.4753641352786173
59 0.408926443630998
60 0.14768663739767843
61 0.43752319348202606
62 0.03979511426319937
63 0.6078947368421053
64 0.017241379310344827
