1 0.47777777777777775
2 1.0
3 0.03943452380952381
4 0.10105770822983938
5 0.32762039334938525
6 0.32127659574468087
7 0.5595332313058232
8 0.181592039800995
9 0.24648101519798235
10 0.5285261491653641
11 0.40377751607935497
12 0.16917293233082706
13 0.2392711962833914
14 0.13864414395013192
15 0.2790204678362573
16 0.18360219317760226
17 0.26438540933614824
18 0.11832656906071812
19 0.7100000000000001
20 1.0
21 0.15866823506970384
22 0.2997018149861371
23 0.7037037037037037
24 0.1413934426229508
25 0.36685351767295965
26 0.2922399098417601
27 0.2659655271121327
28 0.8055555555555555
29 0.36614801746973447
30 0.3333333333333333
31 0.5344827586206896
32 0.02
33 0.05555555555555555
36 0.4220911400226711
37 0.48978798978798976
38 0.45168387201212057
39 0.3606288713501582
40 0.3869812252964427
42 0.14122150393889524
43 0.2753276546482539
44 0.36805038471084633
45 0.322842321393046
48 0.03710173798907124
49 0.1895549699897526
57 0
58 0.42541940791940785
59 0.2875606608452572
60 0.19101763288539778
61 0.6253030380342847
62 0.046669523072386844
63 0.681823384948385
64 0
