1 0.02803379416282642
2 0.11858076563958915
3 0.02261178861788618
4 0.16715797430083143
5 0.20593453273363316
6 0.15367965367965367
7 0.28753784794059334
8 0.11559139784946236
9 0.1783768045754347
10 0.2910641781160467
11 0.3877427086131148
12 0.2946428571428571
13 0.32120553359683796
14 0.35027375449500514
15 0.23992488992488994
16 0.12538606617553988
17 0.15290019871266117
18 0.11294326241134751
19 0.3293981481481481
20 0.03598247809762203
21 0.10048081362740942
22 0.4967218810601163
23 0.7708333333333333
24 0.19552845528455287
25 0.4684769505730705
26 0.13272240355249196
27 0.42392069897763623
28 0.5011904761904762
29 0.6435250671465654
30 0.11149425287356322
31 0.5769230769230769
32 0.137987012987013
33 0.14285714285714285
36 0.263886632274931
37 0.726923076923077
38 0.2647452667829164
39 0.3140808724844305
40 0.17073592979492466
42 0.21493561710398446
43 0.22092016026234876
44 0.4366666666666667
45 0.30559185689574825
48 0.3357355153730421
49 0.033846362048177946
57 0.5
58 0.30522767337056833
59 0.26868009174610513
60 0.319767824678539
61 0.3873860715550467
62 0.042388850538256306
63 0.25664655654493046
64 0.14285714285714285
